kinematics:
  shoulder:
    x: 0
    y: 0
    z: 0.08924269836555405
    roll: -0
    pitch: 0
    yaw: 1.545195140690032e-05
  upper_arm:
    x: 0.0001316559195849222
    y: 0
    z: 0
    roll: 1.569622572995313
    pitch: 0
    yaw: -1.403033803047349e-06
  forearm:
    x: -0.4253919972920451
    y: 0
    z: 0
    roll: 0.001466362648119487
    pitch: 0.003051221299031744
    yaw: 5.079208480802453e-06
  wrist_1:
    x: -0.3918488086730808
    y: -0.0002441832838586036
    z: 0.1110304687673846
    roll: 0.00219924218002158
    pitch: 0.001714278902406481
    yaw: -5.143297384234037e-05
  wrist_2:
    x: 3.142275361521879e-06
    y: -0.0946874821295403
    z: 5.130682416850779e-05
    roll: 1.570254472497018
    pitch: 0
    yaw: 3.527041068411769e-05
  wrist_3:
    x: 9.069036136588656e-06
    y: 0.08254900414040676
    z: 9.119692727127209e-05
    roll: 1.571901087429129
    pitch: 3.141592653589793
    yaw: -3.14156676699658
  hash: calib_12872398891560564445